.incbin "main.spr" 
;4 6 105 110 99 98 105 110 3 8 109 97 105 110 46 115 112 114 

dvr myspr, [0x0000] 
;0 0 1 5 109 121 115 112 114 5 , 5 [ 2 0 5 ]
dvr bkg, 0x0000FF 
;0 0 1 3 98 107 103 5 , 2 255
dvr x, 0x0000
;0 0 1 1 120 5 , 2 0
dvr y, 0x0000 
;0 0 1 1 121 5 , 2 0 
dvr proceed, 0x0001
;0 0 1 7 112 114 111 99 101 101 100 5 , 2 1
dvr reset, 0x0000
;0 0 1 5 114 101 115 101 116 5 , 2 0
set proceed, ax
;0 1 1 7 112 114 111 99 101 101 100 5 , 8 0
set reset, bx
;0 1 1 5 114 101 115 101 116 5 , 8 1
begin:
;6 5 98 101 103 105 110
    jne kp, end   
    ;0 54 1 2 107 112 5 , 1 3 101 110 100
    .move myspr, x, y
    ;4 4 109 111 118 101 1 5 109 121 115 112 114 5 , 1 1 120 5 , 1 1 121
    jmp drawbkg
    ;0 48 1 7 100 114 97 119 98 107 103
    .draw myspr, x, y    
    ;4 4 100 114 97 119 1 5 109 121 115 112 114 5 , 1 1 120 5 , 1 1 121
    jmp begin    
    ;0 48 1 5 98 101 103 105 110

drawbkg:
;6 7 100 114 97 119 98 107 103
    .draw 
    ;4 4 100 114 97 119
    jne drawbkg
    ;0 54 1 7 100 114 97 119 98 107 103
end:
;6 3 101 110 100
    .dbug "exiting"
    ;4 4 100 98 117 103 3 7 101 120 105 116 105 110 103